image_00000 430 289 453 313
image_00001 429 287 452 313
image_00002 426 282 451 312
image_00003 426 281 455 315
image_00004 425 280 455 315
image_00005 425 280 455 315
image_00006 424 280 455 314
image_00007 425 279 456 314
image_00008 423 279 455 316
image_00009 422 277 455 316
image_00010 422 278 456 315
image_00011 422 277 455 316
image_00012 419 258 454 316
image_00013 419 261 456 316
image_00014 418 259 456 318
image_00015 417 260 473 318
image_00016 420 260 472 318
image_00017 419 260 475 318
image_00018 420 262 476 318
image_00019 421 262 476 319
image_00020 418 261 476 317
image_00021 417 261 478 318
image_00022 416 262 479 319
image_00023 416 261 479 319
image_00024 417 262 480 318
image_00025 416 263 481 319
image_00026 418 263 479 318
image_00027 418 262 480 319
image_00028 415 263 481 321
image_00029 415 262 479 319
image_00030 445 262 481 322
image_00031 442 261 483 322
image_00032 443 262 481 322
image_00033 442 261 481 324
image_00034 445 260 495 321
image_00035 449 260 496 322
image_00036 450 260 495 327
image_00037 449 261 494 324
image_00038 446 261 495 325
image_00039 448 264 493 326
image_00040 448 263 494 325
image_00041 446 263 493 325
image_00042 447 261 494 325
image_00043 445 258 492 327
image_00044 443 258 496 325
image_00045 440 256 497 327
image_00046 445 254 496 322
image_00047 448 255 493 324
image_00048 456 253 492 285
image_00049 459 256 493 286
image_00050 461 257 493 285
image_00051 465 255 493 281
image_00052 465 256 493 281
image_00053 467 257 493 282
image_00054 470 259 492 279
image_00055 466 258 493 279
image_00056 470 259 490 276
image_00057 473 258 487 275
image_00058 473 258 485 273
image_00059 475 258 482 272
image_00060 475 259 481 270
image_00061 475 259 481 271
image_00062 476 261 484 271
image_00063 474 260 483 270
